7.018245553727290087e+00,2.936233153289755649e+00,1.000000000000000000e+00
-3.648015878517618660e+00,-7.681351777755878629e+00,0.000000000000000000e+00
7.285376629790391689e+00,6.520194994173536429e+00,1.000000000000000000e+00
-9.186637490004372353e-01,-4.068631954965288955e+00,0.000000000000000000e+00
3.965613033877200877e+00,-9.933607408769324465e+00,0.000000000000000000e+00
5.715132261983937312e+00,7.717318481997054391e+00,1.000000000000000000e+00
-8.644360979375480980e+00,-3.457596187384734954e+00,1.000000000000000000e+00
-4.133347613707655910e+00,-6.320008431806664717e+00,0.000000000000000000e+00
-6.913789836924085108e+00,-8.247730952593757436e+00,0.000000000000000000e+00
-1.177269957719065729e+00,5.664217988477012966e+00,1.000000000000000000e+00
-8.371369357965861013e+00,4.914350206571327817e+00,1.000000000000000000e+00
-6.402780322804543900e+00,5.253997701179489610e+00,1.000000000000000000e+00
1.085510640573705388e+00,2.513303781524260927e+00,1.000000000000000000e+00
-9.144070179418765321e+00,-3.308842506562664099e+00,1.000000000000000000e+00
-6.500663785300860198e+00,-7.662860608238908355e-01,1.000000000000000000e+00
4.034612036019707304e+00,-6.835696331409206294e+00,0.000000000000000000e+00
-2.392046850796165636e+00,5.201199916797065725e+00,1.000000000000000000e+00
-9.066815202638673910e+00,7.764253178172239700e+00,1.000000000000000000e+00
-3.287886777713193709e+00,8.516299699900002906e+00,1.000000000000000000e+00
6.601918046825119291e-01,-1.884887094663117324e+00,0.000000000000000000e+00
-1.093720895243146529e+00,-3.792022549677252385e+00,0.000000000000000000e+00
3.714118124532408416e+00,8.815264405561322292e+00,1.000000000000000000e+00
8.922082949195480950e+00,-2.353144400112729961e+00,1.000000000000000000e+00
-7.399071041090223844e-01,8.192692251931603664e+00,1.000000000000000000e+00
-3.604460577567554225e+00,-2.066338513950829459e+00,0.000000000000000000e+00
-3.541854206578474162e+00,-9.872988044034213928e+00,0.000000000000000000e+00
6.860484312057923972e-01,9.781941956026265927e+00,1.000000000000000000e+00
-7.982945854637996774e+00,5.662442272297472101e+00,1.000000000000000000e+00
-2.743198363467433509e+00,-9.019453349286948196e+00,0.000000000000000000e+00
-9.478092958702346138e+00,6.541454985609863826e+00,1.000000000000000000e+00
5.815640049322968963e+00,5.581440598534872066e+00,1.000000000000000000e+00
5.128392942620997985e+00,6.555776050639547492e+00,1.000000000000000000e+00
9.402888067250497528e+00,-9.107552899080291198e+00,0.000000000000000000e+00
-3.549522941424189781e+00,-3.717116781069496056e-01,0.000000000000000000e+00
1.359044938326476881e+00,5.881046230861592505e+00,1.000000000000000000e+00
-3.613127850817576814e-02,-1.827316503353495492e+00,0.000000000000000000e+00
7.683816439252403541e+00,-5.996800127550021564e+00,0.000000000000000000e+00
4.989026849956083254e+00,-2.901354636773700868e+00,0.000000000000000000e+00
7.035881418291353384e+00,7.253663882583545330e-01,1.000000000000000000e+00
8.983884229923120301e+00,3.278868641439380838e+00,1.000000000000000000e+00
1.133318824185884921e-01,-8.461835852475266151e+00,0.000000000000000000e+00
5.370774389296229856e+00,-7.354492122338946558e+00,0.000000000000000000e+00
1.569419640326845666e+00,9.072737546958290267e+00,1.000000000000000000e+00
-5.852012517116227386e+00,1.738500908243940657e+00,1.000000000000000000e+00
-9.937161540256909120e-01,4.719634498156072056e+00,1.000000000000000000e+00
-7.516888890222890751e+00,-8.372792748939055230e-01,1.000000000000000000e+00
-5.220472812265342100e-03,8.113322731124462450e+00,1.000000000000000000e+00
7.254141537742331280e+00,9.595085046148575714e+00,1.000000000000000000e+00
6.220916461712803880e+00,5.786633269280336833e+00,1.000000000000000000e+00
-8.875034966586476060e+00,-6.114604472572910510e+00,0.000000000000000000e+00
3.835362261662014660e+00,-2.924192126332125774e+00,0.000000000000000000e+00
1.711464421507908895e+00,8.567067613131278847e+00,1.000000000000000000e+00
-3.587769979616188820e+00,6.151642604247935964e+00,1.000000000000000000e+00
-5.803710162380689042e+00,-8.702015225224531747e+00,0.000000000000000000e+00
3.201058935736602606e+00,9.714363029790597182e+00,1.000000000000000000e+00
-7.482035152301285130e+00,8.725515909023485506e+00,1.000000000000000000e+00
-1.364942564961813432e+00,6.474982000460578035e+00,1.000000000000000000e+00
2.186292729224618370e+00,6.729250827462820439e+00,1.000000000000000000e+00
9.409728721012253772e+00,-1.258557721108672922e-01,1.000000000000000000e+00
-9.773434124668305856e+00,3.803188412852252398e+00,1.000000000000000000e+00
-8.426246733742354778e+00,-1.142126648033276126e+00,1.000000000000000000e+00
-9.988313107274375824e-01,4.218779246599728694e+00,1.000000000000000000e+00
-6.223614328560540088e+00,4.303204725346677861e+00,1.000000000000000000e+00
-5.061065271199725046e+00,3.043089389640696751e+00,1.000000000000000000e+00
-1.329287032972350957e+00,3.433931878426472295e+00,1.000000000000000000e+00
-1.337129975235010093e+00,4.805330459934424425e+00,1.000000000000000000e+00
6.372632121794225668e+00,5.549544921349390592e+00,1.000000000000000000e+00
2.808424621965546208e+00,-2.094764025923252504e+00,0.000000000000000000e+00
5.328485908701319218e+00,5.431339241086210023e+00,1.000000000000000000e+00
-2.261469450530755765e+00,4.964736382281774496e+00,1.000000000000000000e+00
4.441696726509993809e+00,-8.279094136529607795e-02,1.000000000000000000e+00
5.004271927661443797e+00,9.079327965209202489e+00,1.000000000000000000e+00
8.043775917667332465e+00,3.169759831639964887e+00,1.000000000000000000e+00
2.443951200278442926e+00,-9.104964826267574196e+00,0.000000000000000000e+00
-1.357797822393910891e+00,1.637053108736532536e+00,1.000000000000000000e+00
-4.941192752256777787e+00,-4.188372163207096932e+00,0.000000000000000000e+00
5.690985052462863791e+00,-1.208855725186072760e+00,1.000000000000000000e+00
-1.391079705020061397e+00,-3.106838619913419031e+00,0.000000000000000000e+00
-9.482922625525702642e-01,-7.052676067503447221e+00,0.000000000000000000e+00
2.032827705658702300e+00,-7.520390289571565745e-01,0.000000000000000000e+00
-7.279530559928666378e-01,5.841924656014610306e+00,1.000000000000000000e+00
8.679077785654541799e+00,5.484960508144459013e+00,1.000000000000000000e+00
-2.097560367151443117e+00,9.874590132062472492e+00,1.000000000000000000e+00
8.234183056469976947e+00,1.376775673725035176e+00,1.000000000000000000e+00
2.210865370638586569e+00,-1.678356624277784093e+00,0.000000000000000000e+00
-1.507965768284282859e+00,6.602279342814934893e+00,1.000000000000000000e+00
-1.233631772924381309e+00,-4.818148474094446243e+00,0.000000000000000000e+00
-9.982424664869762765e+00,-6.338827757551857012e+00,0.000000000000000000e+00
-9.883880931471187736e+00,7.402236658803200697e-01,1.000000000000000000e+00
-7.115130927138957340e+00,-9.360937618201532473e+00,0.000000000000000000e+00
3.348477326456931635e+00,-6.032779315216281191e+00,0.000000000000000000e+00
1.414169260563140185e+00,4.936413150808345307e+00,1.000000000000000000e+00
7.684409521712623814e+00,7.323212346117990990e-01,1.000000000000000000e+00
-2.849765812668330511e+00,-1.446334053920120155e+00,0.000000000000000000e+00
7.747319306602072686e+00,9.520045792882790181e+00,1.000000000000000000e+00
-2.371717844635146122e-01,9.085417097376314643e+00,1.000000000000000000e+00
2.223075654453449346e+00,-9.221519621488727836e+00,0.000000000000000000e+00
6.973544995850776473e+00,-5.199544680245093531e+00,0.000000000000000000e+00
7.418429104015640263e+00,-2.598225168798791174e+00,1.000000000000000000e+00
7.154969775470650717e+00,6.065631848089058309e+00,1.000000000000000000e+00
